9828
5596
9437
5534
1611
1575
667
6759
7824
6189
2170
1173
4266
9928
8764
3722
3869
4336
1014
7956
8
2497
423
2871
946
7948
4858
2414
711
5229
781
5219
381
1021
4595
13
6172
1401
1543
4890
1661
6307
2162
1869
1633
583
5791
3417
1046
3329
6221
5567
2566
5533
3909
8772
1904
7551
4925
6231
9307
2116
2123
2322
2584
4888
2558
3838
9416
6089
9
9884
478
5228
9425
1409
3894
8447
8298
273
7013
7903
4989
1584
8803
5931
9037
4548
8215
632
8714
4703
1377
4567
6053
6589
6814
1492
2021
3576
