9897
1936
4137
6576
8841
8501
492
822
4119
8152
9064
2098
431
6952
3280
7374
9991
8050
6691
454
358
9917
822
9105
2697
807
3585
7956
1187
7331
8265
339
8021
6834
6479
2201
6574
3795
9398
617
7013
1446
1723
1110
4149
3941
1776
3536
9224
5780
2057
1377
4631
6599
842
1415
1729
5894
9792
1234
138
1133
928
7856
2693
1879
9006
9863
1493
4252
8191
2931
6449
2376
4144
1744
1959
1150
2568
1611
3554
189
411
2564
4430
2833
8913
534
7899
8381
8870
7290
8272
2056
2675
1865
4515
7926
2878
5969
1494
8841
8157
2090
4243
6455
752
1689
5148
765
5152
5765
4204
4100
7634
3944
6466
6051
929
8664
6192
4901
5275
3718
3774
2669
3995
1862
7028
839
7623
8433
1032
7921
2570
2007
4085
2506
8804
5673
7101
2969
3776
2518
1503
4721
4135
6949
4636
611
2004
1427
1767
933
6295
1308
4156
5234
4590
6927
115
8098
65
9437
52
7084
1148
3410
2604
7129
2851
8856
3921
9338
3600
3512
3187
1501
3153
3442
7700
5035
6464
8495
7193
5270
4819
7893
9649
6177
3381
1259
9366
2192
5396
7134
2289
8851
2829
8755
8307
237
1348
3437
2737
1145
1769
1042
1631
2735
9063
7865
4369
307
5087
2966
6910
8942
3797
7273
7046
8850
2968
9716
9477
8920
8872
5644
9736
4365
2995
9010
1568
588
4513
7586
7236
3821
1873
4219
6620
7263
771
5088
9916
8801
632
3054
2765
7368
9014
4752
8626
3532
704
1200
2553
163
1349
6127
5408
2770
6248
8566
8475
1953
6465
973
3827
5262
2258
2812
8113
4469
8316
4256
636
8127
2306
3793
4015
969
4622
1602
5998
199
7619
808
5338
5575
3748
5710
8882
1834
6403
4168
1453
4177
8620
9239
8246
7525
9410
6173
2407
7050
9034
481
1081
4516
8535
869
7323
715
4838
598
721
2987
3963
452
7519
895
5355
258
2454
1790
3724
7680
3101
2118
7993
2296
1716
4057
4571
1541
8742
8245
8629
3147
6829
6665
1422
2323
8458
9189
9476
6021
6452
5728
1967
7163
7889
9632
5523
4371
4979
9798
3227
6086
3429
5015
1666
1559
9254
9074
963
4046
3765
4607
2869
4837
7246
7429
591
6850
8899
8447
5650
3655
6799
6415
4774
8631
2647
8612
6437
9689
6338
7176
840
1489
7082
4349
7854
8878
1363
9881
9956
2862
3228
8767
3122
7945
9956
2128
6578
7196
6463
4930
1606
2484
7465
2736
3050
9358
2634
738
8648
1052
1898
2174
1707
5579
582
4911
9302
5907
7876
9013
7669
6126
3060
8365
3588
2525
6376
1939
1903
6759
1910
85
2890
2995
6874
9305
1138
4505
6097
6690
3
9268
6356
5503
5724
3466
3393
341
7120
7503
4113
3166
2206
3254
6597
7121
8531
5674
3410
1572
2766
6828
639
5904
6180
2718
4476
7668
9830
1584
1461
460
6720
4952
7127
2035
6467
7079
9619
9287
5253
26
9185
1501
2583
7086
9046
2068
3351
5992
7289
8829
2887
8275
9922
3227
2686
6843
9044
6296
4670
3226
3486
2121
5078
1921
8188
8035
1192
9002
2467
6478
477
1339
7692
1800
2568
46
5792
781
7976
5278
9734
3974
4130
9860
4440
671
1983
371
9309
590
2114
7185
2643
6753
4189
5495
9002
7766
7443
1403
5321
7185
2401
8044
3563
4314
9609
5213
4090
4149
703
9606
720
4198
5880
9927
9049
164
9247
4270
3325
5645
602
795
1276
8282
1532
9730
8363
4117
909
1569
4510
7224
8999
2707
3446
6216
370
5252
1373
834
5426
1014
4016
9157
1199
4707
477
6944
4182
8244
4636
7949
558
7585
3602
8414
1885
186
7780
2438
2028
213
9930
8492
2776
2169
548
1612
3499
7947
4177
8350
6107
8583
9949
4363
9601
1089
5626
4029
3164
732
3347
6454
6086
2363
6781
2164
1159
5622
2559
9475
4922
9328
4420
3428
7373
2006
3566
1533
1324
6202
4749
1985
6768
1825
1568
561
2580
9
7739
514
1561
7216
2282
7041
506
6129
9845
5093
7026
7376
1796
7204
5693
7095
8229
7784
6493
9298
523
3939
926
809
1673
3105
2571
4523
5712
5422
850
3059
8534
8807
1413
838
3592
2517
6355
6698
6465
1607
1063
1678
2842
8991
4127
5749
3476
5089
6671
4324
4932
3719
295
2143
6479
8088
5971
1967
3015
3546
8801
6951
6068
1861
9288
4551
4918
7082
2615
7008
3257
3892
7676
7336
1306
7902
7526
3713
9690
4950
45
4406
8561
2688
9408
1237
5332
2157
7791
5411
9594
926
5579
748
8572
403
7354
4506
459
169
3024
649
5942
1908
8570
824
2124
8393
1340
6226
1038
287
8814
62
9737
2358
7458
5939
3507
1081
6153
7616
5363
8784
4007
8635
1686
6778
3380
3897
4368
2601
9460
3566
4880
4462
1049
1189
7415
2918
5768
3649
1865
1797
6314
8853
5044
1170
83
4753
4754
1171
312
78
1258
2507
6124
9917
156
8336
5196
9114
5660
7666
1325
1287
6142
8138
8018
7910
6931
9791
226
4230
5619
9022
7641
1539
2092
6187
4909
1303
6393
4819
4052
5797
2006
1636
3188
1783
4435
5743
9004
5286
6072
2813
4465
7227
9368
8368
7979
9204
7609
2555
5042
8569
1459
3749
1794
383
9510
5241
6007
8796
8689
2193
2293
6508
7824
5413
5670
8244
4086
207
8298
4581
8364
2417
8410
2692
9912
2825
3966
327
2945
1683
5296
2386
2113
9375
7840
1922
4189
4789
3896
1098
3778
4006
2787
2685
2720
2773
490
3963
6075
4550
2176
2367
9087
7782
7439
1336
2228
8028
2913
2503
226
6270
8052
9288
6023
4310
4904
3125
2343
982
8314
1655
6739
2585
582
6302
8957
6813
3784
8723
2010
1070
868
2748
281
7141
9512
9168
948
3809
6286
5691
2229
644
8518
2468
3499
8577
7715
7998
2908
6900
980
4572
1756
9731
6326
8072
8127
7555
3672
4661
908
911
3600
9635
6084
8421
1804
84
8113
7776
6684
1357
5521
6061
6654
3006
