9942
1342
2091
5782
2173
7939
1298
2608
5906
7615
6994
2715
5463
9225
9058
7963
2226
3859
9553
2119
6335
7274
1654
9006
7762
1789
6993
9239
16
578
7510
1341
6447
6454
2556
6427
2587
1492
7969
5924
5402
9127
2352
1526
5826
435
21
3616
3753
6849
768
9506
5085
3977
5465
8355
6790
9045
2115
4569
4025
6787
131
8212
8510
796
1459
7212
6212
7283
8466
141
9507
3808
623
3456
6978
7773
2646
5836
2170
1712
8281
8396
1515
1691
6419
3602
9534
2624
1385
860
7690
8537
1346
9639
2059
3703
3449
2386
5728
1001
8832
868
5124
4672
8631
1136
287
5329
2861
9943
3549
6730
8213
9694
3872
4936
7453
5203
1121
9800
1180
5482
6029
5132
6522
9405
542
9633
7813
9507
6647
3231
593
7872
5604
8784
6767
2206
9953
1461
3777
9881
410
5301
3020
7617
467
4199
6991
2236
5897
2963
1443
1883
9657
5684
356
2686
2783
928
1248
9450
81
4363
1837
617
6285
1096
8367
3154
240
7730
602
2059
1721
5946
869
6925
9678
4242
7248
1783
189
2394
6135
6821
2021
8040
3031
7122
7894
5053
7857
8092
7206
758
4445
9959
8950
4448
8641
5477
1013
2736
1265
2580
2899
2305
1801
5688
1016
3023
4233
9547
4005
724
7248
4834
2171
481
5756
1746
5899
6288
849
5699
335
7511
249
1987
4599
1263
5738
2286
3270
1046
7486
1709
6878
370
495
2524
1288
5543
6673
929
6569
171
8021
6537
9218
6631
763
8053
8807
2337
9143
2006
6306
1224
3176
6948
6216
9087
4149
8933
7004
8734
7544
1100
1971
1253
6272
6592
136
2
5393
8255
9089
9141
5263
323
642
2242
4075
8932
5072
3255
764
8365
7560
7231
2642
9251
4929
6118
1304
9619
8880
5070
2440
3179
6779
1185
1395
8669
8335
6104
1169
3552
3685
91
8725
663
1219
8410
7204
9733
5135
1451
1144
3905
4906
2373
9089
231
2154
141
6507
9087
88
1903
6965
6226
812
4287
1
9002
1189
7824
1336
5769
2766
3365
2800
5341
1325
6662
8224
7202
349
4453
354
1065
9214
2226
3978
6456
2988
4060
6471
2625
190
5977
9704
8216
5567
1495
8097
6687
2370
2339
7022
5252
4114
7195
9287
7149
9704
31
3460
3315
9584
7677
8643
5597
1422
1102
2568
350
6205
5898
8084
8834
8808
3843
4729
4052
1757
9937
1868
4132
1150
8330
4844
4808
3034
9396
9091
496
2396
285
267
1438
5394
6123
8130
1030
833
9280
5601
2338
5334
8801
7337
9625
1168
8023
2671
1105
3773
789
7674
4290
1330
8746
2442
4173
1279
8442
8827
4797
8273
6232
7019
4637
9546
8215
1112
9739
2350
6849
381
1467
3120
1031
7631
7454
5325
2539
9651
900
7990
3114
5442
656
7844
9742
4015
12
4279
2387
4216
5549
7343
4344
348
135
255
3656
8989
9108
2639
4330
5237
9249
3217
437
2541
8090
4934
7384
8348
3591
2
3865
6349
39
5693
8973
9252
5916
2219
7176
1154
8790
1375
8133
6215
4853
4955
1111
6104
2601
5035
6513
3985
1357
6803
1059
7516
7844
3717
9590
9698
2866
1848
2346
2370
2557
8246
8366
8864
2405
1732
1104
4640
3874
8807
2614
3299
2638
5829
3292
1441
9763
170
6926
4232
390
5964
985
2643
9108
993
3853
2895
5499
4784
213
6730
8876
6165
5818
7356
4160
3129
7589
5387
7929
2609
8772
4074
1498
3205
3567
3089
2377
4276
5067
4611
1412
4774
6190
955
9282
8914
212
921
732
6514
9778
3452
2972
8483
5193
7488
8324
7009
7933
442
9697
8579
3559
9265
4674
4931
7656
2080
3844
3649
238
7545
880
6520
7772
7356
7383
9696
837
552
7500
9494
169
5041
2131
1529
7395
8579
8969
6582
258
2566
7396
3655
3735
6162
1260
9767
6398
6853
8107
185
6641
947
4945
3706
1945
5853
7434
3923
6006
6821
8900
7092
3937
337
1419
9998
9296
2670
1560
8111
8874
854
3626
9299
9259
309
1123
1225
2986
7721
4118
8612
3818
6520
6687
2515
7278
8935
6772
7780
8128
248
4954
1892
451
1123
1980
1417
3735
8360
1255
6004
2142
4579
8761
5345
8829
5506
4444
6497
1268
6867
9677
6490
8977
6993
3346
8349
226
8193
6044
1977
2187
680
5384
3998
2503
3823
1036
3380
3361
5274
8449
9421
6309
421
8187
7224
2643
9343
4945
1991
4676
2188
5897
9748
3600
6118
4627
1359
2367
7092
9210
5595
9134
3454
4070
8890
4165
6735
5285
4614
1254
8523
9387
1202
8281
9699
1671
7664
9638
7671
4969
6100
1762
3452
1665
1608
670
1438
7161
5377
7627
4807
774
3314
5891
465
1819
9569
8468
8328
5806
1143
1998
9780
15
3403
1776
8374
3990
7761
254
2896
3788
3662
6197
2298
9181
895
9138
450
6205
3451
2288
2387
1321
2647
880
9098
1903
2713
5262
8949
1456
1823
4449
1740
1508
2832
1171
2581
463
8675
6434
5683
371
5966
6775
7774
3958
2034
9461
8281
7782
2310
3284
9984
3674
1168
6798
7760
8986
9755
9513
9116
4402
8342
663
2588
898
9977
7658
7561
5258
7166
6092
2183
613
3517
174
1873
4819
6743
3599
7244
1004
8968
7135
3461
2273
2055
9541
1420
4661
272
4078
3989
4588
3524
6967
7068
7682
9006
5853
1497
319
2826
3106
5108
7338
8801
2659
5691
8364
5112
9480
3442
2983
3050
5483
554
2103
8547
9276
7765
5751
4126
1397
6137
806
4721
8426
947
3819
8840
2723
1678
8135
8079
1165
964
299
7988
8381
4963
7274
2828
6535
2308
4992
4
622
6409
8691
5019
4909
3812
7704
9327
7333
7232
9625
421
8840
2714
7126
7613
2054
8335
7273
949
7157
8973
3407
9229
1078
8370
7540
5642
5701
9226
2462
7887
1666
8039
8109
3145
1310
2065
2897
8634
1800
1889
924
872
745
2952
3417
7143
3820
805
6846
2292
9474
4919
5806
4355
7908
928
2930
2140
6651
3371
521
2273
8381
2639
2509
196
7624
6051
1704
1254
8132
2132
5127
5763
948
7734
9902
1228
7582
1368
6509
3029
2475
5611
5265
2720
2848
6132
525
969
2254
3247
8458
5188
120
9270
4588
6276
1731
3091
4824
5613
6482
6323
8739
3772
2227
1387
7949
118
8019
4175
4766
2446
2025
3345
2015
9051
530
1046
3484
7449
7961
4543
792
7871
6890
9943
353
1553
247
1528
6486
3814
426
1300
6039
7485
6092
4800
6924
3275
9397
8019
2361
7128
1029
2512
448
8364
2402
5679
2743
3124
6883
7811
667
8009
5517
5768
821
7331
8524
5195
9548
5481
356
7471
7387
4012
5560
4349
2053
9381
2170
9099
8887
2028
2821
1920
1884
9355
3336
4679
2550
6210
9171
786
924
2508
6247
8033
1391
2210
3417
4484
3793
1150
4551
8189
3688
1603
2383
5737
1023
3563
8076
1024
4479
7697
2241
779
2876
7168
555
101
3234
2219
8178
3301
1330
7487
6145
9900
9703
390
519
810
8702
3341
9181
4213
9157
8568
2584
4621
8451
2933
5041
2041
2585
9214
5635
9942
3063
8931
868
3106
130
9495
7064
3444
4117
8282
2931
1934
9477
6135
6926
1077
7914
1022
9996
944
5786
6053
2621
3216
5880
1051
7810
7807
4429
5565
849
7900
2854
8220
1740
7797
4655
4750
6653
4790
141
3908
6677
4882
7746
4845
8470
1518
301
5145
637
2886
1648
8033
8756
299
1782
5156
1782
8618
84
261
8932
323
1279
7827
216
5687
1535
1993
7577
7475
2723
903
2574
1357
2085
9216
6950
1085
591
7575
4328
254
894
6851
7686
1829
1558
10
9175
6641
166
7949
7972
4979
7069
6993
4003
4624
6044
6366
899
9892
2110
1179
8168
8618
615
7545
1208
5289
5977
7694
484
2369
7148
9381
3147
8631
302
1285
8395
6989
297
575
2025
2357
5877
9708
388
935
6766
4774
261
4225
5479
9702
6121
1327
302
8190
514
5131
6114
5799
7034
8726
1187
6398
4842
4248
4504
9403
9131
9413
4951
5682
3883
2273
289
877
4546
4517
2827
794
1429
913
4165
6817
9754
1556
7588
5113
3949
8171
9282
6939
867
3462
6025
3206
3981
3249
5884
5701
7263
5538
1911
6414
609
1726
2584
4621
4006
977
6669
2528
8284
1421
9200
388
1971
8786
6065
640
3793
224
3458
9840
8453
5353
761
6245
506
9530
4785
6267
8255
4395
9506
5979
2469
5349
1970
9810
1416
7795
4044
3682
9601
8236
1312
4727
5259
1601
1563
4397
1062
898
9081
5216
5849
582
7800
9251
3098
4170
6783
3637
9922
5193
3838
418
1229
7725
9048
6230
7312
7093
1246
3559
3966
7639
5390
7827
1068
1528
3228
8839
3811
2522
5215
225
2534
9973
7328
8793
1941
346
8846
6796
738
6243
9861
4137
5698
7231
6881
8416
1813
1165
2349
4294
393
4166
481
2430
9356
1968
9051
4789
529
9520
3389
8477
7574
1759
2840
2573
3187
2257
4871
6710
8757
8802
303
1609
5115
3266
8229
4583
2929
1411
5809
5321
475
608
865
4962
6276
6496
9265
369
3976
9035
4826
5563
2383
8812
3912
5592
28
4056
1217
797
7156
3230
1203
2906
2994
9023
4476
4933
3786
9408
9552
9975
700
9086
9447
3829
7564
7793
5717
7602
8416
2004
9374
3523
1802
1411
665
5683
8855
1990
8404
2919
6998
62
1913
5397
1581
414
2239
3345
2633
6908
356
8888
4596
4439
4362
3889
6844
1482
2495
7504
4081
3154
2113
6381
4719
1709
3762
6276
7565
7796
1113
1694
4469
7243
5097
7584
9093
2678
9525
8451
4533
4766
8308
2756
9963
5299
2370
9212
7323
5060
8072
4995
2707
9934
2284
9072
678
7570
4411
6405
2790
9770
9255
6649
2567
4588
1196
8037
786
9311
6807
2563
744
1246
8505
3411
7800
1324
5464
320
2867
663
390
7827
7533
1887
3286
4054
7110
425
2669
2396
2666
6159
1366
2063
486
9322
3961
5386
5116
4835
8716
7209
2105
2022
7657
2749
7844
3192
7026
9716
6922
3370
1779
1048
7768
8510
3752
4695
1032
7418
831
1715
6833
75
5678
3130
4232
3308
3224
2169
7579
2023
6812
5901
1807
171
4719
5498
1335
5375
2907
6352
825
7366
4039
842
4124
5859
937
9113
1813
2030
5577
9120
8130
4584
120
2561
4934
8587
9361
9913
1334
214
2351
3063
931
648
256
1986
6553
5066
344
5628
1031
4242
3353
7921
8817
3781
4561
6341
6707
6221
3060
2205
6438
6539
9547
6748
1607
1839
3293
4049
4886
4230
7982
639
2909
5811
9846
9838
6674
8785
6275
7696
6350
2999
913
4134
7263
381
8504
2931
3626
5518
3815
2465
4837
9359
208
8531
2853
8847
6484
2843
1635
2687
1584
1485
1828
8196
7912
5044
217
1307
4563
852
7940
44
8455
4159
4685
9250
6343
3579
4532
1162
618
7620
679
9178
6350
2734
694
1108
6476
1854
2021
2458
2430
3210
5826
9444
1118
1965
600
8432
1537
3680
387
890
6564
2742
6740
541
8581
3270
2039
728
5093
4830
2820
8692
845
629
6739
9221
4127
7778
756
6975
9486
4332
9229
1371
513
6722
3813
1450
2147
2908
2321
1225
3599
4689
6124
8197
9882
2362
1116
273
3873
8551
547
6086
3493
2705
2180
3963
5300
1839
215
2389
5882
893
414
432
2152
9337
9049
3742
1044
16
8566
9680
1232
1482
5965
1651
4607
1505
7387
6652
5205
535
2958
8872
6559
8664
1633
749
4708
9165
9815
4181
7210
9843
3949
492
2635
7132
1467
1415
2569
5700
5228
8455
4448
823
1967
1359
4043
5025
524
5202
2346
6438
2347
49
6466
7427
6529
9636
373
9412
476
3318
452
120
5682
7286
7411
3026
8805
1595
764
1569
4601
2695
6006
9858
4729
1568
9174
932
6391
363
4631
1980
5283
874
3799
1595
1726
5319
2562
7837
1854
4561
7826
9874
420
9495
6935
5538
925
7970
8292
6749
8567
2184
7514
4722
7428
4782
2377
1985
4899
9518
9172
177
4301
6394
4372
5750
1662
5439
5920
8062
6805
925
7404
939
4253
2134
7743
486
5804
6949
281
4050
4124
4114
5589
8222
6441
67
5723
159
9386
3620
1929
2414
3443
8218
5395
3693
3130
3972
105
1008
5224
6451
2488
7130
6691
8700
9683
2053
3546
4268
1556
2726
625
315
5693
7696
6877
9204
980
8344
2770
2100
1103
8441
8251
673
1004
5673
3577
7837
8084
3196
2977
1739
544
1479
9599
6257
3148
4487
9599
1150
1100
4019
845
4494
1069
8847
8123
540
6845
6947
3092
3495
9277
2540
7470
9112
2261
1153
37
5827
6137
6744
198
108
1499
6234
9961
4812
9073
3172
7075
9844
2057
8384
1610
6065
1034
4675
5530
672
6173
7288
6279
6516
1275
125
4116
8215
2696
1580
4660
6909
1089
3838
224
1439
3906
91
9880
9014
1707
8020
6125
9157
36
2724
7630
8012
9918
6548
5953
9995
8748
5439
613
1748
770
1142
5477
5381
9996
9316
256
1924
5843
2260
7895
3867
1548
5426
1046
8150
8609
4543
102
618
2035
393
1506
1801
896
1434
4985
7155
6818
1152
6724
4415
9209
3901
9273
1802
3242
8704
6447
1887
1079
2628
2322
9321
6833
2135
5801
8917
651
6621
2166
2314
3057
6726
958
5229
456
3597
9722
1824
1256
3395
3133
2684
1352
5084
263
6927
6745
6072
746
6919
790
8388
5819
5216
169
3794
1610
2650
9249
5430
5909
590
1187
3507
3290
6274
95
5670
460
236
933
352
6248
6596
2504
8666
6409
9532
8977
1428
5784
84
2278
8590
7736
8297
7821
3195
5521
8094
3596
7747
6427
5582
2515
4504
3693
7552
156
347
71
8572
577
2191
6525
8062
9583
1455
2709
8345
8106
3996
2083
6317
3394
2345
626
795
1284
9578
5238
1400
4499
3178
319
5681
4520
4397
2481
9087
1528
8693
6322
2347
149
2761
612
4707
6216
5858
7363
1420
925
2216
6977
7963
8063
1597
5777
431
3446
4168
5280
7825
5006
9701
2922
3072
7147
5386
2316
8310
2873
6301
9558
5326
6536
5124
4740
490
408
9885
2845
2304
4993
6512
8459
4773
5223
2194
4284
9789
2428
1867
3592
5569
9782
9818
3845
8194
8962
3351
983
1757
8937
9897
7787
5072
8019
8794
262
9548
7945
8839
7594
1099
3727
988
9641
8372
5425
6208
4909
1404
7741
5101
4934
4703
8498
7171
3125
9744
3767
620
6922
8909
544
9043
8825
7399
2572
8033
882
656
7922
9160
4321
630
238
6196
3219
559
1462
2383
682
1605
3057
1668
7490
8244
6906
5462
7845
5745
9522
8738
2620
1118
756
593
3688
6379
637
787
8192
2767
9980
1817
8939
3048
102
209
2544
5007
4972
2295
1676
4975
7281
9658
6260
2775
1303
1229
1052
6942
1114
3999
6759
2679
4255
5309
431
2645
4046
4214
8904
6705
4301
1680
1632
5993
287
6473
554
8331
8142
9280
2859
5427
708
8069
1364
3361
8528
9375
7297
639
3127
3612
2065
1457
729
8478
4776
5085
4325
4692
9313
7933
9919
918
4088
899
4690
1494
8071
716
6465
6115
1775
2360
3330
7887
6345
1401
1501
9331
2637
2395
1537
6770
1923
1027
1480
988
5017
3610
4396
5044
9140
9324
874
1763
3962
219
9670
7150
1040
3594
3215
4566
6399
663
9300
6543
8796
1240
919
1667
9096
6026
7553
9111
2069
6838
7286
2095
9883
9157
5178
7309
4921
3925
53
7584
7648
4668
5747
2843
4988
1964
511
3074
4516
4552
2465
3453
6965
9094
6325
9782
202
4677
1006
8261
8895
4513
3306
2814
2373
917
6216
5513
1080
3889
2584
9043
5808
8748
370
4419
8869
3771
8249
1840
4343
9266
6369
1713
1452
8586
2271
4372
5451
1444
6960
5523
2840
8781
6941
835
4225
4643
3981
127
4393
4311
747
5174
5075
2451
5146
1408
5681
8830
6870
2198
8365
2766
8716
6403
7977
749
9389
7269
4146
1518
9103
4184
538
7314
4437
1141
8677
1575
177
2535
2292
6624
759
5071
817
7866
6915
5321
4618
4366
2893
2782
7809
5107
1371
9051
7379
5718
1624
7601
3256
44
9124
3982
2667
9655
2589
1549
2170
9512
5132
7177
9024
740
8755
664
2673
7033
1141
6886
1686
5010
3382
3359
2634
6298
5893
401
5619
9342
7927
96
6789
1494
4567
6636
564
2757
8730
2705
952
1742
1639
3869
2262
138
343
9480
9021
5783
5753
6047
5246
35
8714
992
1535
2906
6307
413
3777
6572
8867
7851
4721
8595
8206
7546
3452
5443
742
858
1703
5346
6649
7180
3726
1242
2747
4646
1435
3741
5606
6427
9849
3353
2576
8347
249
5292
8028
2727
8053
2537
18
8488
1300
5099
4211
1328
7373
2250
8120
624
2607
5660
4043
892
8560
5117
2664
6588
1300
1554
9717
6404
1329
6283
3664
919
2176
6535
3400
1271
1463
1469
5806
8000
3973
3015
1981
4582
6253
1281
9832
5612
8887
4579
163
2470
4259
235
3942
1329
432
8127
4029
5266
1708
322
2290
9804
524
1812
1695
2582
5982
3311
8431
7980
7229
911
9541
7588
1910
3585
6463
8868
3432
2256
9979
1363
673
9708
2667
6029
7687
620
9718
9819
9827
533
3775
6162
7237
3483
7418
3482
4868
7111
7867
7314
1524
2842
7377
5378
5742
7618
6372
7970
1706
1562
3691
3465
5536
1286
8241
6840
7888
5520
3816
7784
2414
3229
9518
6753
4690
8771
8160
4476
4799
9326
8476
3260
514
6657
139
3896
9805
6475
8463
3324
9605
3002
2889
9426
8937
7364
6143
6586
1828
2035
8588
8865
8549
1057
4232
8401
5069
4853
2281
5285
4808
1052
4090
8672
3199
1227
2171
3839
205
2356
489
6476
4529
1496
1631
5268
6084
3276
2397
5387
107
8703
457
1982
5199
4074
404
9066
9292
5464
6766
2076
3510
6328
7387
936
707
913
1976
2349
2004
5942
7977
728
5381
4059
5365
73
7304
695
6340
6195
989
4009
7
6968
1686
9743
6602
1236
8712
5365
1062
5768
2947
2763
4361
5803
9509
2171
7754
252
7084
1481
4231
3290
2571
3196
2001
1063
8047
7004
2315
7563
2546
5771
3055
3941
5216
169
1938
8535
7256
7571
6009
963
1973
6445
1547
7392
3742
4176
4633
5890
6907
8932
6940
1433
9705
5202
3613
216
8879
5923
6283
873
8818
61
6808
3935
2582
4864
3301
9116
9286
8891
4911
5940
101
9797
3258
7121
1814
7129
4670
5753
9130
7360
495
2493
4664
1861
9201
3187
2721
4118
1978
342
2580
6743
2634
9964
1231
7979
1962
5033
664
4389
5233
6499
9195
8187
2653
9237
3637
5021
6848
6615
8224
6005
6440
2174
6831
7055
4691
7616
381
2890
6450
3019
5345
1168
9902
5958
8197
8307
8665
2872
1527
2920
4135
4887
3471
6088
668
6356
7858
101
7079
630
6551
5978
8559
9012
1560
1846
8477
4823
5019
8186
7291
4318
129
5248
3835
3364
5630
7583
235
351
7979
1597
5703
4266
5033
3684
4320
1158
1863
8408
8203
237
8821
1335
6717
8839
5705
6626
7574
880
2146
588
5403
6953
1452
6384
2121
77
6340
1112
2343
9720
2092
8555
5419
8083
1104
4726
1167
6387
1770
4239
2757
8787
4867
2469
1321
5855
2092
2812
4231
8307
7932
856
5004
6466
7034
5768
9377
443
7181
5445
133
4361
5745
5723
3994
7931
1262
1447
3779
8691
2436
8449
7437
8850
2409
2716
6092
2628
583
76
2086
3304
895
1623
854
9539
4402
8383
7146
2485
1202
7935
3134
492
8484
516
6300
152
201
2414
1876
6479
5757
1847
5865
4977
1519
7283
5292
3486
4242
1881
4477
6823
1908
161
8255
147
1517
4702
3900
4515
8266
1646
8649
8856
9659
2447
1370
4771
4969
3604
1881
2061
4061
7337
1363
8168
4620
4323
9267
9430
7639
7180
1668
3496
6963
9453
8593
5098
611
8988
5039
5757
6127
4281
1758
6869
1823
5443
699
3796
6040
3937
4602
9510
3947
3310
6946
5871
4794
1092
6137
450
6844
8716
3618
2708
9939
3284
1027
9568
2652
3762
5660
1883
7655
5417
6389
6475
9032
8297
7176
8452
7933
8668
5855
6803
3520
1950
1487
286
1935
9485
101
3211
6667
5794
1679
1985
4302
3917
6334
6028
7344
872
2250
549
8075
2037
4247
2449
6845
5289
6151
3641
8591
8765
7537
1978
4084
931
7392
1757
6596
4342
367
1674
7882
7669
9667
9144
6938
5489
1993
5320
5894
2117
6530
5860
7731
4070
347
705
2328
1722
9906
9020
7
1534
6551
373
6751
4482
7391
8149
1681
9608
527
9861
8305
5694
5559
146
8784
6776
2636
8348
8248
5857
8842
6670
2087
5011
5786
4451
2975
6693
2113
7926
3133
4452
4185
3994
297
5094
4980
1004
7981
2171
6413
2934
1722
3940
4258
8469
4200
3961
7903
4382
3084
1477
4764
2748
4494
4069
6667
2493
6091
2017
1674
2910
201
5178
1200
6611
537
6277
5046
6619
5874
8022
7170
3348
5116
273
364
8507
4361
7868
7979
9991
587
9385
8496
311
7890
2323
5174
3704
2180
1607
6119
5739
9634
469
9971
7591
4793
5335
9405
9435
3622
562
5254
1926
8046
6346
8174
6635
1101
6730
9127
111
2445
8244
2237
5861
3097
8262
9571
2556
6018
2095
5440
4631
1138
4496
650
4669
6351
5061
4033
8642
4610
3366
1967
6790
505
2073
7838
8445
1370
651
8156
9742
777
511
1275
4047
6060
5014
363
1890
1116
3904
9323
2553
3375
1601
6701
2879
4468
4807
2907
2650
4574
4651
8087
7195
3989
2854
279
3208
1705
5446
5184
6717
7512
6898
4434
1502
2306
346
9669
1840
6956
1250
8850
3385
9058
8000
2133
5620
5440
2180
3089
6313
4370
1736
6005
9693
1498
6184
5038
7718
6530
500
877
7234
3315
4676
3626
8537
789
2203
7385
2607
4520
1070
4796
2990
1555
7319
7033
9124
4298
3045
2414
3705
9973
7654
5890
3668
4767
2280
4125
4142
5389
909
6443
7559
2048
3837
8764
2983
4507
3168
6720
1064
9065
2396
7634
6450
6585
587
6498
9687
9276
2593
4567
8113
5249
4541
6757
9640
4270
5150
939
7704
2945
3640
1936
4018
1847
934
5616
6354
2654
7698
1425
3073
6278
4211
6459
2524
2222
7942
7239
6437
5644
5969
5702
6505
3644
4708
9862
2657
1981
2593
8577
1772
3447
301
5190
6845
2354
775
7948
6609
8468
424
1332
8404
1657
7596
1135
4724
9960
5232
976
9638
1875
7644
1666
600
6495
2340
2541
3367
8613
2361
9830
8930
1800
9909
4580
5263
6407
4727
922
924
5846
3387
6818
1352
6664
814
4614
3011
5344
7409
5509
6851
6249
347
6932
8568
7489
1796
979
3555
845
9839
4418
6514
8026
8888
1795
5167
3888
6879
6625
8459
3803
7731
3266
117
5965
9762
5081
3791
1806
6832
9183
5698
1941
5062
3971
5024
8204
9309
3599
9531
2399
7595
3453
2773
1733
5533
1834
9751
643
7878
9610
2054
3709
4775
444
4658
4030
4752
415
2689
3433
3269
885
7708
7473
6564
6647
3800
2566
8518
7673
440
2961
1988
3280
705
7651
1085
3009
2270
1257
3861
3052
6533
2050
3247
3128
8841
8531
8191
7120
1777
3899
3897
2815
8938
9027
3422
2984
7944
9625
3240
1018
6563
957
8707
1634
9759
1162
3119
4177
9884
1817
291
8127
3168
435
9285
9407
3825
8646
7975
4165
7880
9226
7764
3254
1042
7060
9691
6239
9721
779
6395
9225
8242
6313
3392
3179
3064
7235
4924
4736
8745
7149
8121
1867
5215
5592
5358
680
3602
2286
5793
213
1500
3327
8557
8257
8510
3532
452
8291
7841
852
1078
3966
3119
7694
8242
5044
8498
5958
8891
7401
1677
3579
9327
3769
9610
9369
2421
6124
3300
1634
4357
2552
2359
5234
2909
7192
4196
9139
112
6253
233
5950
7793
2994
2736
2499
3713
8516
391
2539
7589
961
1568
3404
6908
3024
2506
3197
4992
994
9808
2075
7402
6471
6623
9099
9323
9972
1022
544
264
5859
6809
5599
3381
1836
3167
9634
6822
1811
9518
74
5458
1986
5834
3192
4889
5752
9269
9166
6071
6626
3916
497
4153
5881
2446
1425
944
2588
1971
8685
4596
8079
5626
7217
5930
3796
1619
3969
7305
7306
8638
1242
7113
7587
8564
8247
8317
6698
7253
4482
7763
9364
3713
827
394
4390
4427
3838
8323
1576
8394
464
5051
5273
7794
2266
4327
3795
9828
185
1457
2608
6961
6613
9043
3724
5604
7072
6033
1373
4720
5938
4044
1633
2887
1891
2932
2535
9150
5848
9421
1249
1709
7058
1829
2263
9803
5635
3173
4528
665
7858
9367
3949
142
9105
5143
1366
6707
7981
5132
8377
7456
981
4601
3632
7959
7855
9599
3315
1342
6552
4070
4766
8931
2843
6155
5267
2892
1795
1708
6467
9836
9140
1074
25
5821
9527
9486
328
8922
9716
967
4311
2155
3877
5459
7177
1047
552
3716
8354
8789
2934
2277
5831
2676
2002
5813
2965
7516
5876
1043
8932
340
6614
8715
3693
854
1038
2479
8202
2127
830
8218
9934
267
2312
8353
3557
1569
8854
5163
1740
7418
7097
8690
5924
2856
6385
1307
8195
7813
9820
2466
1788
3545
9906
7145
7504
3009
1920
3011
3125
1804
7539
1516
7398
1383
3560
1356
8443
2843
7601
4843
4490
2373
3499
2599
5374
7751
4878
2467
7959
2670
6228
9138
5442
3651
1838
549
939
7574
5571
6306
9312
6263
5866
2054
6856
5383
11
5483
9747
9951
5905
1917
4547
3550
1714
697
9516
5705
7874
1848
4488
7423
52
4395
3615
459
2275
8599
7637
749
7744
4995
4291
9418
7805
4815
7083
5827
1946
3623
4230
9108
3309
3800
1248
1758
1975
1555
2535
3431
6197
1328
1407
8319
1364
3444
570
1063
4281
9222
3702
6254
4847
9118
3367
2476
1314
3040
3783
2722
6460
6072
9195
6593
1934
7237
1928
2555
8562
9451
9157
4935
478
2739
2035
1896
8124
1670
3883
928
2423
6907
6630
8721
104
8893
7923
7781
1394
8224
7892
5294
6843
533
2490
7056
1564
1692
5315
2414
9179
5001
1888
2594
4551
2778
3852
5601
2339
9097
7210
5583
7
7165
6382
1998
163
869
7119
7741
9013
8424
1739
4751
429
9350
5276
9672
9023
5956
1529
2559
1113
8998
9312
1617
6518
8093
4034
6099
4978
7619
9216
1690
4607
997
4309
9150
5719
4545
6195
4828
1107
4415
1811
5979
2443
6741
9255
4753
7103
8773
1459
3431
6773
4106
555
4506
7684
9123
6686
2036
3825
9311
4644
7674
7000
5962
6995
5223
3661
6823
936
2650
1651
6302
7061
3083
1533
9863
2214
2675
99
8216
9080
1916
9224
5932
827
7671
9161
101
2839
5741
9016
883
1550
5864
5002
7877
6881
8947
4925
3711
437
9343
7822
2445
599
4919
4859
519
2478
2182
1044
3381
6368
5816
1111
1957
3112
2046
9725
3515
454
1526
1343
9224
5767
5883
9628
814
7174
8264
3871
1394
4339
1411
1069
9459
771
1255
8540
9611
8921
3778
7243
8851
6692
5985
4669
1532
3704
4169
7959
2875
1649
2920
1181
7557
1974
186
3400
8172
4170
3104
1675
3464
5593
958
8806
7753
9009
1076
5514
987
958
4640
6429
3003
347
1425
1089
9722
2213
8943
5649
2720
6546
4361
2331
4819
2627
2367
340
3303
4934
7074
2936
8152
463
152
2721
8758
1975
2580
6603
5904
4085
9238
6149
5237
7325
351
74
7926
8790
8567
6081
1376
8353
579
9873
9049
7958
7777
3209
1657
2385
5765
1839
2795
5757
3993
472
2163
8799
8721
4984
4722
7111
2109
4378
8744
7315
194
7521
489
6900
843
6816
2660
5508
4444
2311
8464
2584
5672
3503
8631
4675
1219
4921
3208
8828
3082
8449
1447
4465
3361
1721
5208
6619
8925
3363
2204
8627
3140
8910
3627
550
9170
8613
6947
613
814
3269
5919
592
2604
4222
8956
4117
7459
6603
4312
339
8081
7317
8347
9187
9582
229
8075
5273
5423
9625
858
4808
2284
7609
963
9828
7012
970
2870
1500
6527
1490
8911
7687
3493
4333
5613
7181
9421
6432
2898
7034
792
3708
8391
7343
9679
1814
370
746
7401
116
2666
3559
9938
6570
762
2599
665
3189
7316
9087
2105
2536
2344
4580
555
7078
2613
38
6793
9071
1471
3434
4773
5758
5362
237
7931
1826
2086
5093
6261
6060
7683
9514
398
9400
8695
37
4793
2240
3734
2296
7283
2621
5761
831
4374
4431
2218
1317
5711
1535
8870
138
7490
339
6836
6099
2300
7346
5086
2610
1770
184
5918
7000
1640
2060
5075
9400
4124
4897
1059
1438
1013
5850
6115
3776
5598
4337
3253
5508
1527
5961
4113
2754
6470
3058
1415
2859
9961
6734
1411
906
991
3954
6706
1738
6392
94
389
2952
8987
8369
4788
2058
4231
5910
7765
1296
3243
1780
29
5098
1577
2373
6389
2971
9304
1028
3184
5372
74
6237
2205
900
3822
4800
7640
1910
8295
2470
4230
1804
7004
4135
5905
5555
8785
1611
6944
118
853
9407
650
3967
1342
379
3996
1324
1954
2866
2794
2655
5479
9993
1555
2360
1294
4427
1800
2630
5739
7740
6365
7612
4168
5181
1953
8561
1275
6879
7291
1979
8645
2444
1478
5692
1052
4706
5406
589
443
385
1915
3418
3768
4488
5421
7295
8967
507
1593
3170
3565
9575
1204
2576
4840
3225
3196
1868
4749
764
9855
7461
5825
2081
2662
8008
5692
3508
962
2390
6395
2444
475
3304
677
1331
9941
3791
8001
2215
7683
5264
3062
6769
560
9441
5138
5956
1996
8733
8703
200
323
2158
2739
9943
8149
8348
8391
6215
1185
3360
1498
3866
6659
2110
2231
7250
7584
3251
692
3001
8992
9275
4732
3232
891
7030
5088
5334
663
8267
1849
1707
9025
510
8097
230
4601
1070
1491
8452
1235
8978
8576
8210
7979
2102
5364
1325
9305
7616
1096
6743
8229
792
1065
7997
3293
4711
2008
2055
8069
7583
4883
6927
9230
1963
2373
3110
5242
4696
4858
5427
911
8037
2213
541
4666
9703
8997
523
5158
2144
1637
1594
6365
9568
995
2447
1805
5165
6052
2782
6879
5183
4950
5386
7780
351
4406
1950
4321
2978
9266
4699
4653
1568
897
4659
745
8265
2962
6934
9839
5402
5875
9978
8157
9516
7140
5856
4036
8847
8507
8452
2476
2037
5640
8966
9995
6209
4171
7159
7110
8290
1941
1718
9847
7755
413
5868
6799
8069
148
9460
5453
3734
6363
4751
6624
9780
6867
9846
3306
5061
7956
5970
6805
7737
9763
4665
298
1690
638
5113
4368
2706
7626
9818
210
1486
2143
8207
3365
9090
6049
3198
4280
9565
9555
5808
1340
8126
3991
1163
7574
887
3049
6510
5602
9873
9341
7372
7754
2257
2214
3692
3416
7993
9209
9152
2409
9266
304
1686
3074
2696
3683
60
7703
8630
1972
9015
1833
4788
8778
1668
6672
9486
3569
7216
7322
1895
2848
1558
4371
8382
3531
9512
2597
80
7097
528
7745
910
7481
3351
8511
8256
5281
9845
7283
1673
5735
1738
2496
4157
3475
5580
609
6257
2132
6738
6982
2483
3507
6817
8492
2154
8661
693
8512
1822
2612
7106
2165
8474
784
3451
4356
993
3986
7475
1987
1055
258
82
4905
322
4010
538
4033
3753
5882
9690
7853
7243
8221
627
4173
5131
3436
1322
1553
8539
9057
7165
3483
8399
5695
6506
5240
8595
464
7452
9888
6911
8863
1654
2731
1530
1063
5461
6231
3997
3099
7730
9768
3177
7576
2821
4575
6027
2056
6992
7599
6943
8952
4107
7995
2132
525
3003
7891
5679
9058
4937
2001
7153
3860
2800
5135
5725
1762
2695
3900
7861
7663
5712
5279
9748
9675
1119
266
3026
7089
4799
1858
675
1266
9218
2798
4433
1953
7704
1759
3787
560
210
3983
1310
7003
5830
2300
547
4147
9702
8375
3993
751
9996
3496
581
6302
5593
1989
5927
2863
575
2259
8606
4181
7835
700
3375
8421
5799
7313
1394
514
366
3362
3917
1803
7330
8203
2261
3779
3530
8401
2658
9137
5680
1790
1763
5689
8667
9593
9538
4843
1655
522
2697
7866
4254
6380
7572
2272
5057
1588
3897
5376
8695
7841
2822
140
2618
2308
5130
2664
1885
4594
823
5198
2130
1319
774
820
652
3102
4747
4091
5809
4926
8442
3401
4050
4695
8955
3146
3678
9870
6394
3586
2531
9764
1954
3958
2982
638
2042
9259
9286
3281
2608
8607
1916
1500
2022
1127
4213
9946
2987
8969
3379
6472
4427
6619
8993
2372
9993
1819
1365
5703
5372
5568
9867
3349
3015
3569
9520
7474
5582
1237
3676
4358
7142
170
1876
5540
9612
6954
2670
6664
9001
3435
5142
9951
7236
9798
7665
780
2008
827
9328
6424
2551
2658
1047
8521
1024
2117
990
8119
8029
8252
2584
3435
4096
761
355
2136
7343
6165
3391
5502
845
7051
6146
1180
2075
1668
6539
1463
5791
9378
7509
393
8276
944
1535
1547
1538
42
426
1669
5824
8106
5890
5221
9222
4082
6128
3775
408
305
9936
5045
4352
9439
175
9767
6618
171
7207
7836
9287
8440
4589
6993
5354
5731
1914
1633
8967
6152
5130
2710
5101
1653
6898
4607
8817
9439
5013
9506
6461
2900
2680
4052
1433
8593
2516
807
5465
8005
3612
6259
9910
7349
3520
3864
6290
465
658
7091
2726
4855
5607
9616
6158
2359
5727
3886
2488
3431
4328
8329
4552
3927
9888
1460
7312
7032
1658
5957
7374
6008
4820
2197
6694
3809
7686
2440
2210
1652
5821
6410
5543
7855
6632
4555
8986
9511
387
4461
3155
3794
7362
1339
8961
2579
2176
5308
4989
1179
362
2360
803
9774
7781
5754
911
53
279
5175
9476
3938
580
2718
8995
5225
6183
5184
7738
2236
1236
7906
8747
8327
6139
2352
5358
1726
8048
1045
3545
7524
5657
3720
1135
1342
1800
9977
8216
3911
7690
2781
5840
1189
3231
9318
4129
9867
9274
5718
1797
5488
9291
5973
8806
7664
1419
1746
3577
1762
1128
4294
9836
9850
5010
1999
7915
4736
8533
9787
6505
4352
584
6995
1516
2019
2725
5851
9146
4751
9658
5863
3635
9594
9616
6751
655
5268
1002
5382
1450
1222
1855
2552
9564
309
156
4643
3150
7660
7524
7511
2522
4873
57
6112
882
5958
2064
436
1716
8443
4287
9112
9261
2402
698
1272
2155
2971
5887
5687
2663
6161
6863
723
3443
9421
7102
1196
3008
9802
3436
7350
5252
4568
2549
1150
5241
7285
7670
4762
1129
5113
7153
2755
7769
9904
6147
7975
4484
2669
8579
570
3370
3549
9598
5582
1032
9466
9521
6691
586
1762
3286
3680
829
8135
9396
2450
5594
1192
8320
6228
8912
8991
8216
6800
6258
8380
9153
4405
4897
6323
318
4506
9418
7873
1397
6850
6899
9396
3661
1648
8674
7196
1979
5516
4864
333
6205
3078
7100
3158
2374
4107
978
7143
6171
583
445
5022
797
8282
8426
1491
1080
7453
5280
1765
3179
8886
1693
9924
8970
5914
1458
2368
4001
9283
9042
4290
5625
5426
1847
4041
4383
9543
5478
7768
6755
8926
5748
9007
4511
1964
3416
6870
5113
3163
3427
2609
2058
5155
2141
128
864
4826
5586
1062
4496
3276
1133
3197
7968
1838
1620
9448
181
9391
6644
826
3368
448
46
3189
8846
5222
1522
148
2632
6414
7723
7005
6424
2064
2748
7457
7334
279
7401
6279
8194
8736
6680
5848
586
9520
5129
6972
9022
4075
9253
7412
9218
7555
5379
5177
244
2462
2177
5686
2591
3003
6192
5233
8095
662
5792
1120
1269
6890
1871
1929
7709
3238
4540
8330
2335
2867
8016
2347
2515
2501
4160
1456
3481
5376
5180
3492
263
8269
3659
2370
8212
9756
2091
6789
1237
3868
5171
6995
2597
8602
6428
9445
8011
71
4112
7867
5270
8365
2849
1598
4620
2674
2765
9717
4068
5598
5344
4172
4512
3562
2026
226
5920
1753
7299
5921
2370
7547
2557
5492
2750
4848
5433
1172
9186
1626
876
1747
5721
7990
6355
1661
9953
7245
4244
1788
396
933
1463
6939
327
2205
6646
3804
1946
634
6161
7790
3136
6667
7396
2617
6360
8851
173
4205
1978
472
856
90
5982
1976
7726
1456
2713
9036
3854
7323
617
5119
3290
5191
3556
8240
197
8794
7420
758
2715
9538
8597
9139
754
7212
5098
2093
1632
6551
1181
8281
621
8617
2622
7112
314
3584
2222
5511
162
4347
1619
146
4736
9850
3470
9273
5905
947
8812
5813
6859
4759
2331
9212
5934
3716
6606
9843
2187
3740
2241
2436
7282
3110
944
8449
4400
2627
150
6007
2280
3716
1794
9030
2177
2746
7231
8624
7537
6079
259
4976
2025
1795
9640
6845
7857
9401
4490
8399
6676
2211
8496
2194
9568
4954
9454
4824
9959
2387
4362
2804
2633
1886
8270
8580
8918
465
6045
4254
7710
3909
2937
1215
1963
4368
7109
1103
6450
1603
2167
9545
1334
387
96
8682
5677
1133
6462
568
1127
5878
1234
7285
1420
9842
6910
3860
6886
6038
1777
5995
4047
5919
3990
5753
1195
2020
1977
1226
4953
8793
716
1624
7622
5910
618
437
2659
1464
3482
3799
1737
9798
3333
3779
4922
9702
7851
3725
8777
3409
6947
3854
7484
1956
2066
3607
5632
4137
9374
1093
2687
3973
1027
6773
8398
99
453
1706
3642
289
3528
3661
9780
2826
5581
5717
2729
6420
7197
8055
3143
9578
5354
2479
7805
7468
1780
8048
5347
5926
1242
6456
9514
8510
7186
7080
3445
9026
651
4770
6760
8626
1120
3091
2944
89
2480
9476
7747
7778
7020
2220
1001
4153
6992
1160
7035
735
4789
8909
2875
7970
182
8780
3077
3837
4786
6728
2244
2443
9074
5925
3463
4786
1212
3281
5845
8701
1959
7767
5120
1626
6431
8145
3062
7030
1435
3822
6045
7334
5949
5973
7680
8375
8378
5865
9861
2520
923
2621
1202
9318
9779
5034
1279
7144
4098
910
28
2221
5994
9015
7142
4179
512
8785
8663
1785
3380
7340
6252
1207
1620
3889
3387
3388
1438
2918
1364
1656
8661
992
6423
604
870
2137
5510
2446
7740
4755
3964
657
2752
748
2815
1717
3077
2578
2370
1210
2643
4920
9615
4667
9666
4489
547
2313
9018
8092
697
6709
5336
8025
2635
931
1107
7452
7542
3035
1600
6311
5822
3233
4451
3437
8290
6119
2215
1756
145
7314
4160
5482
4174
4554
3918
1700
2176
7062
4197
8642
5980
3208
4251
1999
9799
6916
4370
7528
6534
5783
9415
867
2393
1157
6729
6658
9192
9331
6446
5112
3180
5783
5218
4283
8513
3309
2482
4939
2682
7067
9640
9233
8646
5047
2983
6683
2034
1623
4122
1864
495
8698
8120
4735
1237
9317
2043
7397
2760
1664
6865
1390
1290
9826
3762
9523
8993
1738
9428
4645
3402
976
3131
9169
3438
6188
2308
6869
3156
101
1716
4594
2440
2620
1693
2482
3002
1818
6273
43
1242
6262
2234
1429
3987
796
4553
1273
821
7947
333
5051
903
3886
342
7929
5644
3421
4506
8372
8374
5540
6392
7262
4233
5685
76
2468
9105
7514
2115
6399
2966
797
1119
1558
479
4795
3004
9782
6981
8406
6740
5876
7609
7339
6529
6866
6633
6372
6129
5264
8127
4190
4206
517
2746
9933
1950
4078
4049
6174
152
135
9573
2381
2521
6360
6903
4377
6886
4401
6538
6885
3
633
3945
2096
7603
7507
5548
3031
2464
946
1479
442
4638
3487
932
9164
4731
7720
339
6782
6090
5099
478
4351
9712
4212
786
4077
9086
195
3562
1055
6368
9393
8958
8134
1829
485
4845
1456
9233
1538
2727
671
3983
6099
2286
8314
107
2057
7405
307
751
7012
1178
3945
7468
7281
4888
2110
4843
1331
3744
7580
7428
4949
1393
4643
7055
2143
293
2534
4730
6951
326
7703
1962
6761
9152
2384
5733
2314
537
6931
7312
1770
479
4004
9300
3224
6129
8678
7286
3850
7777
2563
9671
3885
2456
7265
1785
2394
971
9985
452
890
4124
3577
2344
2987
8883
4740
8003
3667
8559
7752
4069
7140
2199
1897
1921
6257
5590
7660
4663
2272
9671
1102
2161
3808
1981
3622
9643
9629
3735
3129
6630
9778
9201
5085
9550
2463
9374
3279
347
6155
3381
8617
9973
1067
1770
590
1852
8851
4046
4920
7574
7452
2281
9428
4394
6119
5031
7788
6604
1345
1521
4118
7770
9368
4798
4395
5895
1981
7370
9802
3862
9770
2149
4589
8026
598
6862
6957
8811
8966
1970
8306
8971
4887
7936
6605
137
7705
5295
282
998
6910
578
704
1574
3667
7082
6731
3274
1278
7389
636
2220
1065
6166
4414
4650
8494
6765
4092
4022
6660
1225
3810
5229
5784
6115
7297
9127
9247
4460
840
1807
4171
4929
7935
19
7708
1918
2693
1470
4729
33
3244
6756
7616
6433
1587
8622
3850
8543
4533
215
4706
8907
7712
6773
7688
5770
697
8140
5217
70
8413
368
4545
1911
9227
3817
7547
6561
401
9852
1351
909
9620
8616
5254
8109
516
1070
1475
9802
2575
3316
6907
7968
4436
7451
8318
4701
9899
4384
2806
4902
1171
4832
2391
4938
828
2416
4727
731
1655
8444
2032
7242
2891
2142
836
3282
7593
8241
9745
1464
3649
9062
3621
9361
5926
7927
35
1253
5296
2107
1302
3123
9265
2313
3942
5204
4587
9536
2889
1076
7471
6854
3371
1263
6248
5951
5009
3736
1194
1505
2747
528
3253
3621
3464
5429
5039
2289
2606
7081
2880
1524
2714
4133
991
3969
5605
7213
6878
2096
8392
8405
850
5345
8305
1284
5717
1859
6678
8184
6143
2884
1977
1771
9714
7433
541
8213
6613
1440
3208
1617
1476
4356
74
5956
9397
8850
5661
1547
750
1289
8621
453
8470
999
2713
626
2921
8722
5771
2265
8176
1219
2501
3280
4192
9674
8284
3911
4705
6942
8121
5910
5506
8292
2973
9081
9516
1122
2565
1032
8244
1508
4751
7420
8996
7086
1580
9759
5084
1363
6007
8548
3317
470
628
6455
6215
8255
8380
1189
9820
2705
6568
3247
6692
5289
6492
5387
58
73
6646
2876
8070
6950
8983
3667
4773
8159
2834
3094
3958
3343
9362
3760
8502
2485
6241
472
5375
2594
8006
103
1676
2226
2414
2996
5120
6046
2270
4754
6184
113
5640
9293
6238
2250
1773
7713
2895
2194
6274
2188
5199
2495
8837
7093
9884
4231
2162
3356
1328
3609
3665
403
1979
2424
1394
7838
6480
7226
1900
151
7806
5232
1922
5813
8819
9079
7368
7774
4140
6751
9108
843
8992
9848
8456
1899
5597
5030
5855
3674
2098
5421
7350
1539
576
9805
9421
996
3755
2532
4606
5313
8517
80
813
8508
252
2308
1040
1763
1267
2813
417
1706
6655
7941
6034
8459
7459
9320
9425
5003
8542
9189
2076
4350
7602
5991
7046
6238
8297
3333
4027
2600
1123
1655
1200
2296
579
1082
3551
1751
715
5413
2225
5201
9573
6349
4876
3980
2036
6662
9616
5301
4346
9275
7420
2141
4107
496
9462
6181
1521
6341
5899
4069
418
4846
452
4339
7135
3281
4986
3970
3678
239
1195
7833
9195
2311
4846
8134
4042
4504
6115
2002
6031
4309
5678
5143
3122
2414
2037
1215
445
5932
1448
5935
2104
1356
2273
3412
2856
2753
924
2653
2259
5331
328
3881
8103
2876
4062
1986
8475
7109
4947
4154
182
8892
5705
4980
4127
1497
2010
9511
7684
7985
5687
9646
9407
3547
3310
6068
6278
385
7962
5118
6082
3849
1104
937
3410
1060
1671
3527
1249
2167
2311
1347
7285
1896
4614
5741
8586
4315
1262
8082
382
5422
1891
5275
3694
1665
2083
9402
6001
7498
6495
9456
2915
9608
6874
2674
597
5847
5071
445
7491
4180
4584
951
9590
929
3308
8440
8875
858
1848
1722
2355
1593
7121
2589
6621
7
1753
3822
8993
5221
2401
6840
5278
7706
2862
539
3511
493
8223
7356
4313
8309
13
3646
7712
6798
948
1024
4890
7936
465
4070
9180
1355
6700
1052
756
1829
2888
5816
9518
5112
889
9216
7675
2197
1701
2060
7759
9757
574
5805
5274
2066
8719
8958
7866
121
485
8362
207
243
1216
3774
7567
9372
9738
7057
5114
8899
8999
9649
209
3003
2654
7151
2754
3954
8967
9774
87
1600
8133
4263
384
8082
998
8657
6334
1944
360
9488
7618
3131
4542
5563
1525
2436
835
1154
6233
1945
7167
2896
992
6232
9416
909
684
8969
6571
7832
2838
1022
5163
8131
8866
4111
89
3358
4995
356
2804
3129
3596
6002
2131
1940
663
5450
3921
3594
8792
5742
183
6445
5700
8101
1153
451
2543
8353
6602
5394
5652
3455
1417
2504
1929
255
32
6990
5793
6645
6610
7709
4899
1679
2006
4258
2955
8215
8409
8782
2224
8491
2712
8961
2694
3420
7166
7128
9700
1108
5787
7700
1001
4139
8742
3870
4459
4507
3349
8488
9040
9139
3290
5813
3664
9801
6831
1643
3674
7571
1973
824
2407
7976
4058
723
5932
5731
9482
1989
6132
5816
1031
535
5261
1513
1707
1181
3329
7211
1661
5636
5112
9365
915
9720
6780
3433
9447
6537
3693
9094
1613
3519
1670
4333
932
1483
2208
7315
6683
8544
6101
1718
1109
226
3800
5523
5904
318
1859
3831
6771
6762
7217
356
3046
334
3117
2455
102
1924
6715
7096
7049
4827
9861
1122
223
5378
6680
4723
2841
8931
321
7638
2206
1950
5890
7615
716
4088
2585
4950
5117
739
6931
3880
7034
2096
2461
4635
915
4098
2043
4625
4560
6869
2205
8718
5154
1551
1806
477
1357
7750
3182
7519
5146
3122
867
5206
9320
6691
7260
9042
7779
6982
358
8745
4024
6997
3810
5628
1415
2669
9047
1768
5914
1460
1444
2618
4661
2458
2873
5831
2815
3759
1062
3195
5392
2774
3667
7216
7611
7560
1314
1393
478
3756
7507
1423
3415
565
3686
676
8538
556
2694
3510
2208
2880
6772
8974
9554
3868
6305
6314
5430
952
9552
1616
8585
7714
6523
1300
8046
286
7701
7948
9110
4331
2912
961
2864
9721
6752
2905
1091
8456
3552
179
4490
6802
1059
3522
2511
2092
5821
654
4603
6408
7924
6551
5004
5295
33
9388
4104
2621
7515
7003
1442
829
2246
1305
6587
2776
9656
564
5290
3144
9484
5303
5903
5825
4699
4350
1924
9522
7975
1851
5061
7976
2970
5192
9570
6180
7631
6606
290
4782
9374
7509
8187
378
8478
1741
7055
6042
1030
8717
296
1940
3956
5609
2312
9477
6226
2969
9754
6326
7686
1640
9789
2127
9625
4315
1842
7113
8347
2355
6596
1144
2805
2468
3624
6184
174
6454
2229
4455
418
1387
1605
2708
1567
403
3372
9751
1698
7709
6441
5985
7170
495
27
5029
7579
1351
8789
9847
8511
2002
2341
243
2087
8302
514
4769
8736
2204
2164
2648
2116
1112
2120
9393
8678
6651
9764
30
850
4784
8760
5290
7011
390
806
2546
2967
550
4787
7749
5585
5189
2334
8616
5182
1020
720
5965
1162
8950
2405
2180
4100
2154
7690
6482
2783
1130
3191
6162
2634
2763
6431
1578
626
2038
950
1935
1142
9582
1619
6427
1563
7523
2406
5886
9265
4518
747
4610
7286
5390
1215
7076
1866
7290
3266
9008
1443
1048
6382
5388
5218
870
8280
8263
1493
7655
2004
5683
6670
168
174
338
2340
6115
2182
9677
3496
7811
43
4394
9771
4490
4491
9983
6286
5488
1209
5314
7818
652
3089
4642
3218
2376
3305
6540
1461
2656
4840
7671
7800
4683
1515
1713
5571
4046
6773
9005
3483
9501
9927
9548
1345
2419
5312
6013
8520
5299
1287
7056
5133
160
8087
7791
466
9514
5146
910
2443
2267
5817
8705
7532
6161
6883
1632
2818
1436
620
2583
1282
8842
3591
4849
336
9617
3319
4438
641
397
7907
6434
4978
1290
7177
1160
10
5797
7620
6423
6413
2142
5088
9291
2547
8912
3853
6183
2936
4372
3650
6050
8165
7443
7173
8384
6208
8027
9176
6995
3935
2340
2885
8961
9010
1731
1646
6935
4114
8159
3646
6974
6484
9442
3828
4093
4275
3442
5714
4767
3149
2144
6816
9207
4621
9264
8678
4321
185
2795
1802
4043
1676
9505
2679
692
1718
3443
4879
5299
4258
352
3553
1467
5833
8367
4238
3005
2294
2605
4857
5631
5209
6614
2094
4316
3120
6153
757
1836
1859
6103
3910
3942
3582
3692
8382
995
3189
7122
2979
7828
2834
2322
613
4887
467
3548
4006
1781
3698
6073
1083
2032
4773
7311
5251
5035
7047
5077
1768
3418
6422
6104
9235
3677
5823
9053
8501
5319
9110
2199
3075
5795
2523
8060
4433
2761
9225
3891
147
1405
2033
6944
1600
7768
4791
803
7544
252
1770
5358
871
3170
9130
6918
9770
9927
9317
9324
1714
4118
9699
4076
8854
7399
4147
9445
4798
1161
6549
9802
5166
4251
7290
664
1023
8258
3816
2394
6788
7478
4642
1434
2939
4669
839
9705
1298
6300
5898
1664
3037
1163
9075
7959
6725
5000
3284
6246
8899
5007
6942
4890
2590
7929
5908
7803
5841
3923
464
3356
9056
3921
6693
5634
7484
337
2470
1592
7860
3332
9381
7282
3199
1835
5886
6721
2424
655
1956
7815
8569
1460
3276
9803
2507
8670
9081
1279
9949
8501
4488
9232
1443
9253
8173
7102
8657
3145
3309
5676
4520
4024
30
810
4799
8224
2683
274
7174
6115
8637
4159
280
6527
8487
8389
4959
2403
1680
9133
4652
9039
7398
8767
2070
1770
1313
8405
8019
2138
2709
4861
133
0
2861
2000
2311
6801
3780
7265
3224
7292
3781
2104
679
9529
5575
8767
4848
287
7793
7292
5893
361
7380
513
81
2233
2024
1697
1769
1374
2855
2483
4580
5346
1034
7419
380
4583
4624
5080
9381
4259
4294
1896
5518
7561
1444
5027
7030
6570
724
4038
7025
1676
4376
3454
5643
1098
5436
7016
748
3756
4298
3382
5996
1080
7997
1525
3832
3593
3496
2605
7174
9551
3527
600
726
3799
4758
8295
154
733
2993
1
6040
6127
9468
845
2716
211
8660
6755
5971
2732
7653
6670
3542
2377
5342
2196
3827
7471
8738
1929
4691
2632
9584
5936
9639
9195
5317
132
9428
4718
3568
6470
5569
6778
1030
1912
7982
1118
2488
5658
327
6758
834
4658
7401
6877
6645
5825
7237
2097
4295
4948
1043
4359
1481
7976
7464
8014
2985
6370
11
3559
633
4317
5652
6165
1344
2917
7446
9522
2464
1892
4112
8675
8424
3931
1550
3613
7466
7764
7269
7736
6943
6757
830
818
218
1912
6818
3367
3226
1576
1928
3056
1588
9534
3738
8441
1681
557
2607
6360
5044
7675
2261
3563
9535
9809
8220
1312
4277
181
75
4123
6291
1190
5213
2260
6011
5287
492
607
1569
4592
9618
400
282
6001
1915
9998
9985
8568
4287
1191
1436
5877
9886
2580
3342
3580
669
5631
1071
3131
3680
2610
7545
6349
6376
322
8292
766
383
3932
9140
4688
5154
6943
2545
9949
6911
8842
8728
6654
494
6039
6528
4491
3972
2968
5695
6340
3174
1920
5518
1791
6284
2326
8746
6307
4758
1878
2941
1669
1331
5320
2669
8177
7791
6501
659
9963
2860
7991
8750
6022
4101
7088
7192
3861
6143
6974
1433
4080
1041
2461
1740
3690
726
5710
767
6640
1824
7959
2286
900
4511
5595
8946
7339
8882
7051
582
5283
8541
9308
955
3850
700
219
6748
2219
8199
2927
6532
8138
6134
8158
3071
1473
1719
8514
4543
1660
61
6525
640
3715
9579
587
7597
8725
2498
6264
8564
4733
136
9665
1847
4352
9674
2703
7733
4612
6579
9697
2569
4744
268
7913
7601
143
4150
1499
2145
7182
2982
2465
8761
3257
9761
2210
6613
2089
6505
8740
3459
2257
1238
4783
762
2177
5896
9812
1897
9514
2363
9470
5646
2706
1820
4792
1560
891
7548
2576
2943
4992
659
362
9394
559
1222
151
1281
1453
2556
472
9949
2454
7310
8157
9868
9012
6333
5443
4674
7747
4040
7742
5772
8498
2958
6019
1470
652
6080
3593
9136
1144
347
6192
8964
3469
4773
5715
5259
2346
5029
2682
5321
6741
1224
6596
6934
2515
7906
419
9014
2488
4738
552
7483
1167
4105
8512
9226
859
4091
3551
1292
431
6934
8396
3109
491
1396
2445
2266
728
396
7989
4382
4423
3262
218
2558
9076
6862
8028
6015
2033
4992
7252
6452
7424
6709
6121
4244
1456
5029
6456
2811
845
5262
2341
9455
5249
5643
9965
1622
5135
616
1470
1158
9921
1109
9689
7406
2128
2170
2951
4291
2565
9978
4970
2877
3790
475
6853
2388
8579
8053
9631
4388
185
3960
7555
9305
950
3315
1211
5479
1766
3138
2367
584
2782
1560
8985
7740
5535
9358
2331
3372
2622
9514
9683
864
7217
1667
3949
5970
2412
5891
937
5090
9452
2687
3263
5946
1460
6548
9664
8821
6631
7506
1311
2348
4901
4349
2624
5426
7433
4977
240
7537
3090
822
7910
6275
1697
2036
6504
2054
2098
6985
7088
9578
1151
9353
5616
1884
2993
2117
2115
9464
6168
3215
9703
5354
6061
3852
1208
2390
4694
6603
2143
4746
2746
1302
1179
1648
7189
7127
1614
3080
5294
4413
7035
9813
6520
1198
7694
3302
1350
2510
5901
824
3858
1857
4797
2186
8399
6318
3113
8930
2925
7302
5967
4942
8254
7459
5402
1278
2391
3507
7767
7312
5848
359
1346
3355
8304
5415
6737
1136
5755
6553
1669
1917
9149
2209
3548
7413
9171
8171
2793
2637
2008
6695
3800
1751
3093
3205
1500
7828
269
8769
7612
5622
7192
2720
5598
8900
7982
1292
2450
7234
5015
3243
3379
3520
2992
7911
5369
2049
753
474
2482
3935
7789
2665
194
3548
8633
2627
8169
9564
9760
8761
1796
6402
646
5727
1446
4137
5772
5300
1464
8196
291
6223
8303
5847
5077
5322
8302
6327
640
1700
491
7151
2084
6882
8326
2390
4128
1685
5719
4813
1304
5890
4055
1725
9881
9325
1091
3424
624
1543
9036
7070
6168
3771
8722
3644
1058
1827
2850
9696
8682
2192
2909
8375
6519
2042
6603
2315
1187
3748
2240
4735
1308
5284
8894
1181
923
9794
43
5651
5763
8543
8421
3352
4044
7111
5763
1717
6400
1370
6445
5282
2613
2471
4671
2062
381
3562
7594
8276
3770
6824
6363
8858
454
1400
6672
6971
450
6357
4360
8072
381
6913
4267
8522
439
3804
1098
8780
4231
614
3448
3734
2522
4929
8489
8268
2765
8954
8025
5513
6493
9097
2801
4006
924
4182
2981
7120
7495
2879
6178
777
5174
5528
918
7741
2531
4354
9712
8071
7487
8319
5146
9381
3617
2133
7619
4346
3200
1217
7090
7410
787
5085
4040
2603
2567
4597
7574
2259
3441
5095
5407
6684
9573
4282
6879
919
4311
1136
4364
1200
2303
430
9755
230
8994
1291
1398
6014
3790
4375
8141
2104
5974
7791
8651
2674
575
174
7130
6075
4794
8918
5273
8779
1748
8559
349
4418
426
1167
6662
9838
3552
4987
2420
9040
8564
1484
9705
1825
1535
3478
1456
1409
2028
9317
5743
5073
572
3929
2489
402
5944
2131
5079
8413
8601
3072
6456
5508
645
7174
5990
8488
3146
5517
5212
5021
8432
7504
2965
3163
3242
4596
7013
1895
5742
3640
7742
3489
2453
9901
2492
6287
3637
8231
9138
9770
1309
789
7257
1751
1552
5454
2277
2792
6197
6573
9899
6596
5982
7710
7680
4245
4457
7593
8948
1040
1796
447
4847
1675
6548
3154
6298
9530
9735
1514
7841
9866
9783
165
1735
1617
386
5247
4299
149
2089
9266
2409
8637
7558
3407
8132
2117
3922
7822
1091
8310
7221
8530
6106
1749
5759
5313
6603
9610
8454
4755
4892
3013
7137
8985
5802
2796
2277
432
5838
4631
3406
7429
5599
8000
784
3307
4681
2197
4654
4426
1436
2384
9707
1323
8344
5897
3423
722
4727
2457
1900
2603
7307
195
3521
520
2299
2191
1935
9529
6760
9302
9771
1453
4788
5221
6707
7993
8229
4427
3941
343
7671
1157
3756
7968
1696
4669
7147
284
8919
8750
7295
4345
9879
1388
7825
9067
3761
8689
9193
8467
7472
3898
4009
9987
6689
2820
8729
8225
226
9889
9502
3994
4410
6207
4529
1177
9610
5915
509
3160
9890
2850
1449
3910
711
3240
4903
2713
4116
2092
9003
7814
1694
2684
5984
2703
4941
9765
2600
3868
8199
2494
3331
365
3199
3861
9538
9375
3311
3082
1355
2301
6977
1099
4592
5401
1220
4159
3883
7803
2524
6951
1437
8313
9227
5522
8760
5832
5648
7008
4729
7730
7453
681
8922
9928
2509
4127
1414
7321
101
7985
6271
6148
4747
754
3773
7563
6132
921
7095
1705
2306
4266
1687
7045
2110
7877
4137
5559
9074
9181
8340
4490
9371
2332
5740
4178
7741
8997
5143
8257
3367
4202
7807
2469
4696
9359
3927
3779
722
8671
3906
8346
5405
4253
64
9569
1232
8045
3722
163
9644
133
7312
6237
3113
1550
4753
3940
1221
6911
3595
8988
1498
1980
19
1751
6944
2603
5112
2075
3571
9847
6883
4375
7302
808
2001
7782
791
7155
6788
645
4245
8462
7879
2466
3920
1879
8433
2758
7744
2757
4763
9268
3432
8863
5701
8274
9612
5388
9734
648
3809
6955
5635
2999
3796
5347
2514
988
2765
6397
6879
1796
3925
913
1391
4546
343
3087
5219
2431
7955
640
8991
721
2488
2459
4684
7343
2211
139
5322
2340
3875
6401
2970
5683
1455
199
4507
1434
7978
8101
1811
2201
9429
1751
4321
4020
5942
7150
5056
9623
504
9414
1743
683
1459
1512
4463
822
1181
193
60
1863
9521
1891
3200
2146
8239
9674
1540
4936
2260
1889
2600
1468
5660
6150
5493
7073
5893
2268
9392
5416
5430
8848
3602
7288
9215
9294
2343
526
9891
5332
6180
1336
4275
7191
2140
1437
6269
1765
3988
8560
4757
2987
1765
1924
4450
6808
1618
1761
381
3313
5643
215
2469
7926
274
4387
711
213
8828
4832
1404
94
9337
5824
7746
7207
1575
8091
128
9217
7348
167
692
6682
6099
2457
96
4564
1762
9083
2901
9686
5497
991
8286
7617
9813
466
8672
1510
8693
8676
8480
2694
4773
6727
2854
6906
7562
4902
8560
1220
5004
3336
5834
9398
2827
8517
5517
5009
107
1912
3029
9153
3842
1893
3704
8103
8164
1422
9140
4951
2684
6945
2504
3332
8382
5620
3061
1320
2122
1219
6
648
5460
6281
6494
2087
6210
8269
1633
2953
8726
527
886
2315
9837
6404
2011
482
6391
5022
1466
8977
279
3855
90
8655
2877
1487
2377
1081
1554
1884
4297
7891
9572
9090
2296
6836
9251
908
2453
6883
9275
7081
7135
9837
4147
1794
656
601
5141
3674
8314
6557
767
1879
9249
1761
1626
7953
8121
5189
5353
1065
9265
4255
3315
9260
6177
263
917
4952
5519
7271
1298
3901
2984
7981
3404
8055
4014
6291
5720
5500
125
6257
8332
1745
450
497
348
3282
8158
9940
54
2881
8599
259
7787
4463
1615
5656
7215
8873
1466
3805
6690
724
5722
1381
2976
1740
621
762
1782
2186
650
9479
9734
740
8327
3623
9885
377
9199
7230
2626
781
8450
1175
9202
4242
2637
5293
4586
7704
8923
2621
5237
9158
3180
9195
2503
425
7014
277
9336
8364
9721
454
9397
1641
4439
4651
6195
5087
196
1787
7077
6469
4666
418
6129
5549
2112
2591
6510
269
5148
3535
1841
5450
9270
8953
7592
7173
2815
2012
9510
6075
4947
1781
4320
1015
7275
774
7591
2363
1717
1171
8919
2672
1719
8926
5024
9978
7922
6566
9667
8111
7092
6651
991
1560
145
3782
5356
4377
2883
2359
4087
9230
15
3358
9168
6455
5017
8398
273
4566
2107
8542
4096
374
2082
1314
4694
3758
1258
762
7777
4870
4171
218
2294
250
3572
4106
1643
9916
1767
1390
1669
6383
9157
3448
8413
3809
11
5916
5560
1464
7485
2661
5591
4352
9618
4182
1836
3300
2160
5396
527
4140
7194
